                   0   0.000000000000232   0.000000000000188
   1.000000000000000   0.707106781187270   0.658106781186902
   2.000000000000000   1.414213562374658   1.218213562373694
   3.000000000000000   2.121320343562136   1.680320343560544
   4.000000000000000   2.828427124749491   2.044427124747439
   5.000000000000000   3.535533905936564   2.310533905934375
   6.000000000000000   4.242640687123241   2.478640687121352
   7.000000000000000   4.949747468309458   2.548747468308382
   7.999999999999999   5.656854249495204   2.520854249495482
   9.000000000000000   6.363961030680513   2.394961030682676
   9.999999999999998   7.071067811865470   2.171067811869996
  10.999999999999998   7.778174593050210   1.849174593057485
  12.000000000000000   8.485281374234912   1.429281374245185
  13.000000000000000   9.192388155419817   0.911388155433157
  14.000000000000002   9.899494936605201   0.295494936621459
